clientTest-20170103-031911-(pitch:0.0)(volume:0.000084)
clientTest-20170103-031912-(pitch:0.0)(volume:0.000005)
clientTest-20170103-031913-(pitch:0.0)(volume:0.000005)
clientTest-20170103-031914-(pitch:0.0)(volume:0.000003)
