clientTest-20170103-032102-(pitch:0.0)(volume:0.000031)
clientTest-20170103-032103-(pitch:0.0)(volume:0.000005)
