clientTest-20170103-032114-(pitch:0.0)(volume:0.000056)
clientTest-20170103-032115-(pitch:0.0)(volume:0.000005)
