clientTest-20170103-031917-(pitch:0.0)(volume:0.000028)
clientTest-20170103-031918-(pitch:0.0)(volume:0.000017)
