mikaelPratama-20170103-031122-(pitch:0.0)(volume:0.000036)
mikaelPratama-20170103-031123-(pitch:0.0)(volume:0.000003)
mikaelPratama-20170103-031124-(pitch:721.48)(volume:0.000719)
mikaelPratama-20170103-031125-(pitch:0.0)(volume:0.000016)
mikaelPratama-20170103-031126-(pitch:0.0)(volume:0.000005)
