mikaelPratama-20170103-031249-(pitch:0.0)(volume:0.000048)
mikaelPratama-20170103-031250-(pitch:0.0)(volume:0.000013)
