mikaelPratama-20170103-031035-(pitch:665.301)(volume:0.001040)
mikaelPratama-20170103-031036-(pitch:657.201)(volume:0.000144)
