mikaelPratama-20170103-031224-(pitch:0.0)(volume:0.000024)
mikaelPratama-20170103-031225-(pitch:0.0)(volume:0.000005)
mikaelPratama-20170103-031226-(pitch:0.0)(volume:0.000006)
mikaelPratama-20170103-031227-(pitch:0.0)(volume:0.000006)
mikaelPratama-20170103-031228-(pitch:0.0)(volume:0.000014)
